14022019,'20260928',700,,1,1,,,0,400,,2,1,,,0,415,,3,1,,,0
14022019,'20260929',700,,4,1,,,0,400,,5,1,,,0,415,,6,1,,,0,115,,7,1,,,0
14022019,'20260930',700,,8,1,,,0,400,,9,1,,,0,415,,10,1,,,0
14022019,'20261001',700,,11,1,,,0,400,,12,1,,,0,415,,13,1,,,0,115,,14,1,,,0
14022019,'20261002',700,,15,1,,,0,230,,16,1,,,0,170,,17,1,,,0,230,,18,1,,,0,185,,19,1,,,0,215,,20,1,,,0
14022019,'20261003',700,,21,1,,,0,400,,22,1,,,0,200,,23,1,,,0,215,,24,1,,,0,185,,25,1,,,0
14022019,'20261004',700,,26,1,,,0,400,,27,1,,,0,200,,28,1,,,0,215,,29,1,,,0,185,,30,1,,,0
14022019,'20261005',700,,31,1,,,0,400,,32,1,,,0,415,,33,1,,,0
14022019,'20261006',700,,34,1,,,0,400,,35,1,,,0,415,,36,1,,,0
14022019,'20261007',700,,37,1,,,0,400,,38,1,,,0,415,,39,1,,,0
14022019,'20261008',700,,40,1,,,0,400,,41,1,,,0,415,,42,1,,,0
14022019,'20261009',700,,43,1,,,0,230,,44,1,,,0,170,,45,1,,,0,230,,46,1,,,0,185,,47,1,,,0,215,,48,1,,,0,270,,49,1,,,0
14022019,'20261010',700,,50,1,,,0,230,,51,1,,,0,170,,52,1,,,0,230,,53,1,,,0,185,,54,1,,,0,215,,55,1,,,0
14022019,'20261011',700,,56,1,,,0,230,,57,1,,,0,170,,58,1,,,0,230,,59,1,,,0,185,,60,1,,,0,215,,61,1,,,0
14022019,'20261012',700,,62,1,,,0,230,,63,1,,,0,170,,64,1,,,0,230,,65,1,,,0,185,,66,1,,,0,215,,67,1,,,0
14022019,'20261013',700,,68,1,,,0,400,,69,1,,,0,415,,70,1,,,0,115,,71,1,,,0
14022019,'20261014',700,,72,1,,,0,400,,73,1,,,0,415,,74,1,,,0
14022019,'20261015',700,,75,1,,,0,400,,76,1,,,0,415,,77,1,,,0
14022019,'20261016',700,,78,1,,,0,400,,79,1,,,0,300,,80,1,,,0,115,,81,1,,,0,285,,82,1,,,0
14022019,'20261017',700,,83,1,,,0,230,,84,1,,,0,170,,85,1,,,0,230,,86,1,,,0,185,,87,1,,,0,285,,88,1,,,0
14022019,'20261018',700,,89,1,,,0,230,,90,1,,,0,170,,91,1,,,0,230,,92,1,,,0,185,,93,1,,,0,215,,94,1,,,0
14022019,'20261019',700,,95,1,,,0,400,,96,1,,,0,415,,97,1,,,0
14022019,'20261020',700,,98,1,,,0,400,,99,1,,,0,415,,100,1,,,0
14022019,'20261021',700,,101,1,,,0,400,,102,1,,,0,415,,103,1,,,0
14022019,'20261022',700,,104,1,,,0,400,,105,1,,,0,430,,106,1,,,0,400,,107,1,,,0
14022019,'20261023',700,,108,1,,,0,400,,109,1,,,0,430,,110,1,,,0,400,,111,1,,,0
14022019,'20261024',700,,112,1,,,0,400,,113,1,,,0,430,,114,1,,,0,400,,115,1,,,0
14022019,'20261025',700,,116,1,,,0,400,,117,1,,,0,430,,118,1,,,0,400,,119,1,,,0
14022019,'20261026',700,,120,1,,,0,400,,121,1,,,0,415,,122,1,,,0
14022019,'20261027',700,,123,1,,,0,400,,124,1,,,0,415,,125,1,,,0
14022019,'20261028',700,,126,1,,,0,400,,127,1,,,0,415,,128,1,,,0
14022019,'20261029',700,,129,1,,,0,400,,130,1,,,0,415,,131,1,,,0
14022019,'20261030',700,,132,1,,,0,400,,133,1,,,0,415,,134,1,,,0
14022019,'20261031',700,,135,1,,,0,300,,136,1,,,0,100,,137,1,,,0,300,,138,1,,,0,115,,139,1,,,0,285,,140,1,,,0
14022019,'20261101',700,,141,1,,,0,230,,142,1,,,0,170,,143,1,,,0,230,,144,1,,,0,185,,145,1,,,0,215,,146,1,,,0
14022019,'20261102',700,,147,1,,,0,400,,148,1,,,0,415,,149,1,,,0
14022019,'20261103',700,,150,1,,,0,400,,151,1,,,0,415,,152,1,,,0
14022019,'20261104',700,,153,1,,,0,400,,154,1,,,0,415,,155,1,,,0
14022019,'20261105',700,,156,1,,,0,400,,157,1,,,0,300,,158,1,,,0,115,,159,1,,,0,285,,160,1,,,0
14022019,'20261106',700,,161,1,,,0,400,,162,1,,,0,300,,163,1,,,0,115,,164,1,,,0,285,,165,1,,,0
14022019,'20261107',700,,166,1,,,0,230,,167,1,,,0,170,,168,1,,,0,230,,169,1,,,0,185,,170,1,,,0,215,,171,1,,,0
14022019,'20261108',700,,172,1,,,0,230,,173,1,,,0,170,,174,1,,,0,230,,175,1,,,0,185,,176,1,,,0,215,,177,1,,,0
14022019,'20261109',700,,178,1,,,0,400,,179,1,,,0,430,,180,1,,,0,400,,181,1,,,0
14022019,'20261110',700,,182,1,,,0,400,,183,1,,,0,415,,184,1,,,0
14022019,'20261111',700,,185,1,,,0,400,,186,1,,,0,415,,187,1,,,0
14022019,'20261112',700,,188,1,,,0,400,,189,1,,,0,415,,190,1,,,0
14022019,'20261113',700,,191,1,,,0,400,,192,1,,,0,300,,193,1,,,0,115,,194,1,,,0,285,,195,1,,,0
14022019,'20261114',700,,196,1,,,0,230,,197,1,,,0,170,,198,1,,,0,230,,199,1,,,0,185,,200,1,,,0,215,,201,1,,,0
14022019,'20261115',700,,202,1,,,0,230,,203,1,,,0,170,,204,1,,,0,230,,205,1,,,0,185,,206,1,,,0,215,,207,1,,,0
14022019,'20261116',700,,208,1,,,0,400,,209,1,,,0,415,,210,1,,,0
14022019,'20261117',700,,211,1,,,0,400,,212,1,,,0,415,,213,1,,,0
14022019,'20261118',700,,214,1,,,0,400,,215,1,,,0,415,,216,1,,,0
14022019,'20261119',700,,217,1,,,0,400,,218,1,,,0,415,,219,1,,,0
14022019,'20261120',700,,220,1,,,0,230,,221,1,,,0,170,,222,1,,,0,230,,223,1,,,0,185,,224,1,,,0,215,,225,1,,,0
14022019,'20261121',700,,226,1,,,0,230,,227,1,,,0,170,,228,1,,,0,230,,229,1,,,0,185,,230,1,,,0,215,,231,1,,,0,200,,232,1,,,0
14022019,'20261122',700,,233,1,,,0,230,,234,1,,,0,170,,235,1,,,0,230,,236,1,,,0,185,,237,1,,,0,215,,238,1,,,0
14022019,'20261123',700,,239,1,,,0,400,,240,1,,,0,415,,241,1,,,0
14022019,'20261124',700,,242,1,,,0,400,,243,1,,,0,415,,244,1,,,0
14022019,'20261125',700,,245,1,,,0,400,,246,1,,,0,415,,247,1,,,0
14022019,'20261126',700,,248,1,,,0,230,,249,1,,,0,170,,250,1,,,0,230,,251,1,,,0,185,,252,1,,,0,215,,253,1,,,0
14022019,'20261127',700,,254,1,,,0,230,,255,1,,,0,170,,256,1,,,0,230,,257,1,,,0,185,,258,1,,,0,215,,259,1,,,0
14022019,'20261128',700,,260,1,,,0,230,,261,1,,,0,170,,262,1,,,0,230,,263,1,,,0,185,,264,1,,,0,215,,265,1,,,0
14022019,'20261129',700,,266,1,,,0,230,,267,1,,,0,170,,268,1,,,0,230,,269,1,,,0,185,,270,1,,,0,215,,271,1,,,0
14022019,'20261130',700,,272,1,,,0,400,,273,1,,,0,415,,274,1,,,0
22014019,'20260928',1020,,275,2,4,,0,400,,276,2,4,,0,415,,277,2,4,,0
22014019,'20260929',1020,,278,2,4,,0,400,,279,2,4,,0,415,,280,2,4,,0,685,,281,2,4,,0
22014019,'20260930',1020,,282,2,4,,0,400,,283,2,4,,0,415,,284,2,4,,0
22014019,'20261001',1020,,285,2,4,,0,400,,286,2,4,,0,415,,287,2,4,,0,585,,288,2,4,,0
22014019,'20261002',1020,,289,2,4,,0,230,,290,2,4,,0,170,,291,2,4,,0,230,,292,2,4,,0,185,,293,2,4,,0,215,,294,2,4,,0
22014019,'20261003',1020,,295,2,4,,0,400,,296,2,4,,0,200,,297,2,4,,0,215,,298,2,4,,0,585,,299,2,4,,0
22014019,'20261004',1020,,300,2,4,,0,400,,301,2,4,,0,200,,302,2,4,,0,215,,303,2,4,,0,485,,304,2,4,,0
22014019,'20261005',1020,,305,2,4,,0,400,,306,2,4,,0,415,,307,2,4,,0
22014019,'20261006',1020,,308,2,4,,0,400,,309,2,4,,0,415,,310,2,4,,0
22014019,'20261007',1020,,311,2,4,,0,400,,312,2,4,,0,415,,313,2,4,,0
22014019,'20261008',1020,,314,2,4,,0,400,,315,2,4,,0,415,,316,2,4,,0
22014019,'20261009',1020,,317,2,4,,0,230,,318,2,4,,0,170,,319,2,4,,0,230,,320,2,4,,0,185,,321,2,4,,0,215,,322,2,4,,0,400,,323,2,4,,0
22014019,'20261010',1020,,324,2,4,,0,230,,325,2,4,,0,170,,326,2,4,,0,230,,327,2,4,,0,185,,328,2,4,,0,215,,329,2,4,,0
22014019,'20261011',1020,,330,2,4,,0,230,,331,2,4,,0,170,,332,2,4,,0,230,,333,2,4,,0,185,,334,2,4,,0,215,,335,2,4,,0
22014019,'20261012',1020,,336,2,4,,0,230,,337,2,4,,0,170,,338,2,4,,0,230,,339,2,4,,0,185,,340,2,4,,0,215,,341,2,4,,0
22014019,'20261013',1020,,342,2,4,,0,400,,343,2,4,,0,415,,344,2,4,,0,685,,345,2,4,,0
22014019,'20261014',1020,,346,2,4,,0,400,,347,2,4,,0,415,,348,2,4,,0
22014019,'20261015',1020,,349,2,4,,0,400,,350,2,4,,0,415,,351,2,4,,0
22014019,'20261016',1020,,352,2,4,,0,400,,353,2,4,,0,300,,354,2,4,,0,115,,355,2,4,,0,685,,356,2,4,,0
22014019,'20261017',1020,,357,2,4,,0,230,,358,2,4,,0,170,,359,2,4,,0,230,,360,2,4,,0,185,,361,2,4,,0,685,,362,2,4,,0
22014019,'20261018',1020,,363,2,4,,0,230,,364,2,4,,0,170,,365,2,4,,0,230,,366,2,4,,0,185,,367,2,4,,0,215,,368,2,4,,0
22014019,'20261019',1020,,369,2,4,,0,400,,370,2,4,,0,415,,371,2,4,,0
22014019,'20261020',1020,,372,2,4,,0,400,,373,2,4,,0,415,,374,2,4,,0
22014019,'20261021',1020,,375,2,4,,0,400,,376,2,4,,0,415,,377,2,4,,0
22014019,'20261022',1020,,378,2,4,,0,400,,379,2,4,,0,430,,380,2,4,,0,570,,381,2,4,,0
22014019,'20261023',1020,,382,2,4,,0,400,,383,2,4,,0,430,,384,2,4,,0,600,,385,2,4,,0
22014019,'20261024',1020,,386,2,4,,0,400,,387,2,4,,0,430,,388,2,4,,0,670,,389,2,4,,0
22014019,'20261025',1020,,390,2,4,,0,400,,391,2,4,,0,430,,392,2,4,,0,570,,393,2,4,,0
22014019,'20261026',1020,,394,2,4,,0,400,,395,2,4,,0,435,,396,2,4,,0
22014019,'20261027',1020,,397,2,4,,0,400,,398,2,4,,0,415,,399,2,4,,0
22014019,'20261028',1020,,400,2,4,,0,400,,401,2,4,,0,415,,402,2,4,,0
22014019,'20261029',22620,,403,2,4,,0,400,,404,2,4,,0,415,,405,2,4,,0
22014019,'20261030',1020,,406,2,4,,0,400,,407,2,4,,0,415,,408,2,4,,0
22014019,'20261031',1020,,409,2,4,,0,300,,410,2,4,,0,100,,411,2,4,,0,300,,412,2,4,,0,115,,413,2,4,,0,285,,414,2,4,,0
22014019,'20261101',1020,,415,2,4,,0,230,,416,2,4,,0,170,,417,2,4,,0,230,,418,2,4,,0,185,,419,2,4,,0,215,,420,2,4,,0
22014019,'20261102',1020,,421,2,4,,0,400,,422,2,4,,0,415,,423,2,4,,0
22014019,'20261103',1020,,424,2,4,,0,400,,425,2,4,,0,415,,426,2,4,,0
22014019,'20261104',1020,,427,2,4,,0,400,,428,2,4,,0,415,,429,2,4,,0
22014019,'20261105',1020,,430,2,4,,0,400,,431,2,4,,0,300,,432,2,4,,0,115,,433,2,4,,0,685,,434,2,4,,0
22014019,'20261106',1020,,435,2,4,,0,400,,436,2,4,,0,300,,437,2,4,,0,115,,438,2,4,,0,685,,439,2,4,,0
22014019,'20261107',1020,,440,2,4,,0,230,,441,2,4,,0,170,,442,2,4,,0,230,,443,2,4,,0,185,,444,2,4,,0,215,,445,2,4,,0
22014019,'20261108',1020,,446,2,4,,0,230,,447,2,4,,0,170,,448,2,4,,0,230,,449,2,4,,0,185,,450,2,4,,0,215,,451,2,4,,0
22014019,'20261109',1020,,452,2,4,,0,400,,453,2,4,,0,430,,454,2,4,,0,570,,455,2,4,,0
22014019,'20261110',1020,,456,2,4,,0,400,,457,2,4,,0,415,,458,2,4,,0
22014019,'20261111',1020,,459,2,4,,0,400,,460,2,4,,0,415,,461,2,4,,0
22014019,'20261112',1020,,462,2,4,,0,400,,463,2,4,,0,415,,464,2,4,,0
22014019,'20261113',1020,,465,2,4,,0,400,,466,2,4,,0,300,,467,2,4,,0,115,,468,2,4,,0,485,,469,2,4,,0
22014019,'20261114',1020,,470,2,4,,0,230,,471,2,4,,0,170,,472,2,4,,0,230,,473,2,4,,0,185,,474,2,4,,0,215,,475,2,4,,0
22014019,'20261115',1020,,476,2,4,,0,230,,477,2,4,,0,170,,478,2,4,,0,230,,479,2,4,,0,185,,480,2,4,,0,215,,481,2,4,,0
22014019,'20261116',1020,,482,2,4,,0,400,,483,2,4,,0,415,,484,2,4,,0
22014019,'20261117',1020,,485,2,4,,0,400,,486,2,4,,0,415,,487,2,4,,0
22014019,'20261118',1020,,488,2,4,,0,400,,489,2,4,,0,415,,490,2,4,,0
22014019,'20261119',1020,,491,2,4,,0,400,,492,2,4,,0,415,,493,2,4,,0
22014019,'20261120',1020,,494,2,4,,0,230,,495,2,4,,0,170,,496,2,4,,0,230,,497,2,4,,0,185,,498,2,4,,0,215,,499,2,4,,0
22014019,'20261121',1020,,500,2,4,,0,230,,501,2,4,,0,170,,502,2,4,,0,230,,503,2,4,,0,185,,504,2,4,,0,215,,505,2,4,,0
22014019,'20261122',1020,,506,2,4,,0,230,,507,2,4,,0,170,,508,2,4,,0,230,,509,2,4,,0,185,,510,2,4,,0,215,,511,2,4,,0
22014019,'20261123',1020,,512,2,4,,0,400,,513,2,4,,0,415,,514,2,4,,0
22014019,'20261124',1020,,515,2,4,,0,400,,516,2,4,,0,415,,517,2,4,,0
22014019,'20261125',1020,,518,2,4,,0,400,,519,2,4,,0,415,,520,2,4,,0
22014019,'20261126',1020,,521,2,4,,0,400,,522,2,4,,0,415,,523,2,4,,0
22014019,'20261127',1020,,524,2,4,,0,230,,525,2,4,,0,170,,526,2,4,,0,230,,527,2,4,,0,185,,528,2,4,,0,215,,529,2,4,,0
22014019,'20261128',1020,,530,2,4,,0,230,,531,2,4,,0,170,,532,2,4,,0,230,,533,2,4,,0,185,,534,2,4,,0,215,,535,2,4,,0
22014019,'20261129',1020,,536,2,4,,0,230,,537,2,4,,0,170,,538,2,4,,0,230,,539,2,4,,0,185,,540,2,4,,0,215,,541,2,4,,0
22014019,'20261130',1020,,542,2,4,,0,400,,543,2,4,,0,415,,544,2,4,,0
