14022,14022019,'20260928',1,2,3
14022,14022019,'20260929',4,5,6,7
14022,14022019,'20260930',8,9,10
14022,14022019,'20261001',11,12,13,14
14022,14022019,'20261002',15,16,17,18,19,20
14022,14022019,'20261003',21,22,23,24,25
14022,14022019,'20261004',26,27,28,29,30
14022,14022019,'20261005',31,32,33
14022,14022019,'20261006',34,35,36
14022,14022019,'20261007',37,38,39
14022,14022019,'20261008',40,41,42
14022,14022019,'20261009',43,44,45,46,47,48,49
14022,14022019,'20261010',50,51,52,53,54,55
14022,14022019,'20261011',56,57,58,59,60,61
14022,14022019,'20261012',62,63,64,65,66,67
14022,14022019,'20261013',68,69,70,71
14022,14022019,'20261014',72,73,74
14022,14022019,'20261015',75,76,77
14022,14022019,'20261016',78,79,80,81,82
14022,14022019,'20261017',83,84,85,86,87,88
14022,14022019,'20261018',89,90,91,92,93,94
14022,14022019,'20261019',95,96,97
14022,14022019,'20261020',98,99,100
14022,14022019,'20261021',101,102,103
14022,14022019,'20261022',104,105,106,107
14022,14022019,'20261023',108,109,110,111
14022,14022019,'20261024',112,113,114,115
14022,14022019,'20261025',116,117,118,119
14022,14022019,'20261026',120,121,122
14022,14022019,'20261027',123,124,125
14022,14022019,'20261028',126,127,128
14022,14022019,'20261029',129,130,131
14022,14022019,'20261030',132,133,134
14022,14022019,'20261031',135,136,137,138,139,140
14022,14022019,'20261101',141,142,143,144,145,146
14022,14022019,'20261102',147,148,149
14022,14022019,'20261103',150,151,152
14022,14022019,'20261104',153,154,155
14022,14022019,'20261105',156,157,158,159,160
14022,14022019,'20261106',161,162,163,164,165
14022,14022019,'20261107',166,167,168,169,170,171
14022,14022019,'20261108',172,173,174,175,176,177
14022,14022019,'20261109',178,179,180,181
14022,14022019,'20261110',182,183,184
14022,14022019,'20261111',185,186,187
14022,14022019,'20261112',188,189,190
14022,14022019,'20261113',191,192,193,194,195
14022,14022019,'20261114',196,197,198,199,200,201
14022,14022019,'20261115',202,203,204,205,206,207
14022,14022019,'20261116',208,209,210
14022,14022019,'20261117',211,212,213
14022,14022019,'20261118',214,215,216
14022,14022019,'20261119',217,218,219
14022,14022019,'20261120',220,221,222,223,224,225
14022,14022019,'20261121',226,227,228,229,230,231,232
14022,14022019,'20261122',233,234,235,236,237,238
14022,14022019,'20261123',239,240,241
14022,14022019,'20261124',242,243,244
14022,14022019,'20261125',245,246,247
14022,14022019,'20261126',248,249,250,251,252,253
14022,14022019,'20261127',254,255,256,257,258,259
14022,14022019,'20261128',260,261,262,263,264,265
14022,14022019,'20261129',266,267,268,269,270,271
14022,14022019,'20261130',272,273,274
22014,22014019,'20260928',275,276,277
22014,22014019,'20260929',278,279,280,281
22014,22014019,'20260930',282,283,284
22014,22014019,'20261001',285,286,287,288
22014,22014019,'20261002',289,290,291,292,293,294
22014,22014019,'20261003',295,296,297,298,299
22014,22014019,'20261004',300,301,302,303,304
22014,22014019,'20261005',305,306,307
22014,22014019,'20261006',308,309,310
22014,22014019,'20261007',311,312,313
22014,22014019,'20261008',314,315,316
22014,22014019,'20261009',317,318,319,320,321,322,323
22014,22014019,'20261010',324,325,326,327,328,329
22014,22014019,'20261011',330,331,332,333,334,335
22014,22014019,'20261012',336,337,338,339,340,341
22014,22014019,'20261013',342,343,344,345
22014,22014019,'20261014',346,347,348
22014,22014019,'20261015',349,350,351
22014,22014019,'20261016',352,353,354,355,356
22014,22014019,'20261017',357,358,359,360,361,362
22014,22014019,'20261018',363,364,365,366,367,368
22014,22014019,'20261019',369,370,371
22014,22014019,'20261020',372,373,374
22014,22014019,'20261021',375,376,377
22014,22014019,'20261022',378,379,380,381
22014,22014019,'20261023',382,383,384,385
22014,22014019,'20261024',386,387,388,389
22014,22014019,'20261025',390,391,392,393
22014,22014019,'20261026',394,395,396
22014,22014019,'20261027',397,398,399
22014,22014019,'20261028',400,401,402
22014,22014019,'20261029',403,404,405
22014,22014019,'20261030',406,407,408
22014,22014019,'20261031',409,410,411,412,413,414
22014,22014019,'20261101',415,416,417,418,419,420
22014,22014019,'20261102',421,422,423
22014,22014019,'20261103',424,425,426
22014,22014019,'20261104',427,428,429
22014,22014019,'20261105',430,431,432,433,434
22014,22014019,'20261106',435,436,437,438,439
22014,22014019,'20261107',440,441,442,443,444,445
22014,22014019,'20261108',446,447,448,449,450,451
22014,22014019,'20261109',452,453,454,455
22014,22014019,'20261110',456,457,458
22014,22014019,'20261111',459,460,461
22014,22014019,'20261112',462,463,464
22014,22014019,'20261113',465,466,467,468,469
22014,22014019,'20261114',470,471,472,473,474,475
22014,22014019,'20261115',476,477,478,479,480,481
22014,22014019,'20261116',482,483,484
22014,22014019,'20261117',485,486,487
22014,22014019,'20261118',488,489,490
22014,22014019,'20261119',491,492,493
22014,22014019,'20261120',494,495,496,497,498,499
22014,22014019,'20261121',500,501,502,503,504,505
22014,22014019,'20261122',506,507,508,509,510,511
22014,22014019,'20261123',512,513,514
22014,22014019,'20261124',515,516,517
22014,22014019,'20261125',518,519,520
22014,22014019,'20261126',521,522,523
22014,22014019,'20261127',524,525,526,527,528,529
22014,22014019,'20261128',530,531,532,533,534,535
22014,22014019,'20261129',536,537,538,539,540,541
22014,22014019,'20261130',542,543,544
