14022019,'20260928',820,,1,2,4,,0,400,,2,2,4,,0,415,,3,2,4,,0
14022019,'20260929',820,,4,2,4,,0,400,,5,2,4,,0,415,,6,2,4,,0,115,,7,2,4,,0
14022019,'20260930',820,,8,2,4,,0,400,,9,2,4,,0,415,,10,2,4,,0
14022019,'20261001',820,,11,2,4,,0,400,,12,2,4,,0,415,,13,2,4,,0,115,,14,2,4,,0
14022019,'20261002',820,,15,2,4,,0,230,,16,2,4,,0,170,,17,2,4,,0,230,,18,2,4,,0,185,,19,2,4,,0,215,,20,2,4,,0
14022019,'20261003',820,,21,2,4,,0,400,,22,2,4,,0,200,,23,2,4,,0,215,,24,2,4,,0,185,,25,2,4,,0
14022019,'20261004',820,,26,2,4,,0,400,,27,2,4,,0,200,,28,2,4,,0,215,,29,2,4,,0,185,,30,2,4,,0
14022019,'20261005',820,,31,2,4,,0,400,,32,2,4,,0,415,,33,2,4,,0
14022019,'20261006',820,,34,2,4,,0,400,,35,2,4,,0,415,,36,2,4,,0
14022019,'20261007',820,,37,2,4,,0,400,,38,2,4,,0,415,,39,2,4,,0
14022019,'20261008',820,,40,2,4,,0,400,,41,2,4,,0,415,,42,2,4,,0
14022019,'20261009',820,,43,2,4,,0,230,,44,2,4,,0,170,,45,2,4,,0,230,,46,2,4,,0,185,,47,2,4,,0,215,,48,2,4,,0,270,,49,2,4,,0
14022019,'20261010',820,,50,2,4,,0,230,,51,2,4,,0,170,,52,2,4,,0,230,,53,2,4,,0,185,,54,2,4,,0,215,,55,2,4,,0
14022019,'20261011',820,,56,2,4,,0,230,,57,2,4,,0,170,,58,2,4,,0,230,,59,2,4,,0,185,,60,2,4,,0,215,,61,2,4,,0
14022019,'20261012',820,,62,2,4,,0,230,,63,2,4,,0,170,,64,2,4,,0,230,,65,2,4,,0,185,,66,2,4,,0,215,,67,2,4,,0
14022019,'20261013',820,,68,2,4,,0,400,,69,2,4,,0,415,,70,2,4,,0,115,,71,2,4,,0
14022019,'20261014',820,,72,2,4,,0,400,,73,2,4,,0,415,,74,2,4,,0
14022019,'20261015',820,,75,2,4,,0,400,,76,2,4,,0,415,,77,2,4,,0
14022019,'20261016',820,,78,2,4,,0,400,,79,2,4,,0,300,,80,2,4,,0,115,,81,2,4,,0,285,,82,2,4,,0
14022019,'20261017',820,,83,2,4,,0,230,,84,2,4,,0,170,,85,2,4,,0,230,,86,2,4,,0,185,,87,2,4,,0,285,,88,2,4,,0
14022019,'20261018',820,,89,2,4,,0,230,,90,2,4,,0,170,,91,2,4,,0,230,,92,2,4,,0,185,,93,2,4,,0,215,,94,2,4,,0
14022019,'20261019',820,,95,2,4,,0,400,,96,2,4,,0,415,,97,2,4,,0
14022019,'20261020',820,,98,2,4,,0,400,,99,2,4,,0,415,,100,2,4,,0
14022019,'20261021',820,,101,2,4,,0,400,,102,2,4,,0,415,,103,2,4,,0
14022019,'20261022',820,,104,2,4,,0,400,,105,2,4,,0,430,,106,2,4,,0,400,,107,2,4,,0
14022019,'20261023',820,,108,2,4,,0,400,,109,2,4,,0,430,,110,2,4,,0,400,,111,2,4,,0
14022019,'20261024',820,,112,2,4,,0,400,,113,2,4,,0,430,,114,2,4,,0,400,,115,2,4,,0
14022019,'20261025',820,,116,2,4,,0,400,,117,2,4,,0,430,,118,2,4,,0,400,,119,2,4,,0
14022019,'20261026',820,,120,2,4,,0,400,,121,2,4,,0,415,,122,2,4,,0
14022019,'20261027',820,,123,2,4,,0,400,,124,2,4,,0,415,,125,2,4,,0
14022019,'20261028',820,,126,2,4,,0,400,,127,2,4,,0,415,,128,2,4,,0
14022019,'20261029',22420,,129,2,4,,0,400,,130,2,4,,0,415,,131,2,4,,0
14022019,'20261030',820,,132,2,4,,0,400,,133,2,4,,0,415,,134,2,4,,0
14022019,'20261031',820,,135,2,4,,0,300,,136,2,4,,0,100,,137,2,4,,0,300,,138,2,4,,0,115,,139,2,4,,0,285,,140,2,4,,0
14022019,'20261101',820,,141,2,4,,0,230,,142,2,4,,0,170,,143,2,4,,0,230,,144,2,4,,0,185,,145,2,4,,0,215,,146,2,4,,0
14022019,'20261102',820,,147,2,4,,0,400,,148,2,4,,0,415,,149,2,4,,0
14022019,'20261103',820,,150,2,4,,0,400,,151,2,4,,0,415,,152,2,4,,0
14022019,'20261104',820,,153,2,4,,0,400,,154,2,4,,0,415,,155,2,4,,0
14022019,'20261105',820,,156,2,4,,0,400,,157,2,4,,0,300,,158,2,4,,0,115,,159,2,4,,0,285,,160,2,4,,0
14022019,'20261106',820,,161,2,4,,0,400,,162,2,4,,0,300,,163,2,4,,0,115,,164,2,4,,0,285,,165,2,4,,0
14022019,'20261107',820,,166,2,4,,0,230,,167,2,4,,0,170,,168,2,4,,0,230,,169,2,4,,0,185,,170,2,4,,0,215,,171,2,4,,0
14022019,'20261108',820,,172,2,4,,0,230,,173,2,4,,0,170,,174,2,4,,0,230,,175,2,4,,0,185,,176,2,4,,0,215,,177,2,4,,0
14022019,'20261109',820,,178,2,4,,0,400,,179,2,4,,0,430,,180,2,4,,0,400,,181,2,4,,0
14022019,'20261110',820,,182,2,4,,0,400,,183,2,4,,0,415,,184,2,4,,0
14022019,'20261111',820,,185,2,4,,0,400,,186,2,4,,0,415,,187,2,4,,0
14022019,'20261112',820,,188,2,4,,0,400,,189,2,4,,0,415,,190,2,4,,0
14022019,'20261113',820,,191,2,4,,0,400,,192,2,4,,0,300,,193,2,4,,0,115,,194,2,4,,0,285,,195,2,4,,0
14022019,'20261114',820,,196,2,4,,0,230,,197,2,4,,0,170,,198,2,4,,0,230,,199,2,4,,0,185,,200,2,4,,0,215,,201,2,4,,0
14022019,'20261115',820,,202,2,4,,0,230,,203,2,4,,0,170,,204,2,4,,0,230,,205,2,4,,0,185,,206,2,4,,0,215,,207,2,4,,0
14022019,'20261116',820,,208,2,4,,0,400,,209,2,4,,0,415,,210,2,4,,0
14022019,'20261117',820,,211,2,4,,0,400,,212,2,4,,0,415,,213,2,4,,0
14022019,'20261118',820,,214,2,4,,0,400,,215,2,4,,0,415,,216,2,4,,0
14022019,'20261119',820,,217,2,4,,0,400,,218,2,4,,0,415,,219,2,4,,0
14022019,'20261120',820,,220,2,4,,0,230,,221,2,4,,0,170,,222,2,4,,0,230,,223,2,4,,0,185,,224,2,4,,0,215,,225,2,4,,0
14022019,'20261121',820,,226,2,4,,0,230,,227,2,4,,0,170,,228,2,4,,0,230,,229,2,4,,0,185,,230,2,4,,0,215,,231,2,4,,0,200,,232,2,4,,0
14022019,'20261122',820,,233,2,4,,0,230,,234,2,4,,0,170,,235,2,4,,0,230,,236,2,4,,0,185,,237,2,4,,0,215,,238,2,4,,0
14022019,'20261123',820,,239,2,4,,0,400,,240,2,4,,0,415,,241,2,4,,0
14022019,'20261124',820,,242,2,4,,0,400,,243,2,4,,0,415,,244,2,4,,0
14022019,'20261125',820,,245,2,4,,0,400,,246,2,4,,0,415,,247,2,4,,0
14022019,'20261126',820,,248,2,4,,0,230,,249,2,4,,0,170,,250,2,4,,0,230,,251,2,4,,0,185,,252,2,4,,0,215,,253,2,4,,0
14022019,'20261127',820,,254,2,4,,0,230,,255,2,4,,0,170,,256,2,4,,0,230,,257,2,4,,0,185,,258,2,4,,0,215,,259,2,4,,0
14022019,'20261128',820,,260,2,4,,0,230,,261,2,4,,0,170,,262,2,4,,0,230,,263,2,4,,0,185,,264,2,4,,0,215,,265,2,4,,0
14022019,'20261129',820,,266,2,4,,0,230,,267,2,4,,0,170,,268,2,4,,0,230,,269,2,4,,0,185,,270,2,4,,0,215,,271,2,4,,0
14022019,'20261130',820,,272,2,4,,0,400,,273,2,4,,0,415,,274,2,4,,0
22014019,'20260928',900,,275,1,,,0,400,,276,1,,,0,415,,277,1,,,0
22014019,'20260929',900,,278,1,,,0,400,,279,1,,,0,415,,280,1,,,0,644,,281,1,,,0
22014019,'20260930',900,,282,1,,,0,400,,283,1,,,0,415,,284,1,,,0
22014019,'20261001',900,,285,1,,,0,400,,286,1,,,0,415,,287,1,,,0,585,,288,1,,,0
22014019,'20261002',900,,289,1,,,0,230,,290,1,,,0,170,,291,1,,,0,230,,292,1,,,0,185,,293,1,,,0,215,,294,1,,,0
22014019,'20261003',900,,295,1,,,0,400,,296,1,,,0,200,,297,1,,,0,215,,298,1,,,0,585,,299,1,,,0
22014019,'20261004',900,,300,1,,,0,400,,301,1,,,0,200,,302,1,,,0,215,,303,1,,,0,485,,304,1,,,0
22014019,'20261005',900,,305,1,,,0,400,,306,1,,,0,415,,307,1,,,0
22014019,'20261006',900,,308,1,,,0,400,,309,1,,,0,415,,310,1,,,0
22014019,'20261007',900,,311,1,,,0,400,,312,1,,,0,415,,313,1,,,0
22014019,'20261008',900,,314,1,,,0,400,,315,1,,,0,415,,316,1,,,0
22014019,'20261009',900,,317,1,,,0,230,,318,1,,,0,170,,319,1,,,0,230,,320,1,,,0,185,,321,1,,,0,215,,322,1,,,0,400,,323,1,,,0
22014019,'20261010',900,,324,1,,,0,230,,325,1,,,0,170,,326,1,,,0,230,,327,1,,,0,185,,328,1,,,0,215,,329,1,,,0
22014019,'20261011',900,,330,1,,,0,230,,331,1,,,0,170,,332,1,,,0,230,,333,1,,,0,185,,334,1,,,0,215,,335,1,,,0
22014019,'20261012',900,,336,1,,,0,230,,337,1,,,0,170,,338,1,,,0,230,,339,1,,,0,185,,340,1,,,0,215,,341,1,,,0
22014019,'20261013',900,,342,1,,,0,400,,343,1,,,0,415,,344,1,,,0,644,,345,1,,,0
22014019,'20261014',900,,346,1,,,0,400,,347,1,,,0,415,,348,1,,,0
22014019,'20261015',900,,349,1,,,0,400,,350,1,,,0,415,,351,1,,,0
22014019,'20261016',900,,352,1,,,0,400,,353,1,,,0,300,,354,1,,,0,115,,355,1,,,0,644,,356,1,,,0
22014019,'20261017',900,,357,1,,,0,230,,358,1,,,0,170,,359,1,,,0,230,,360,1,,,0,185,,361,1,,,0,644,,362,1,,,0
22014019,'20261018',900,,363,1,,,0,230,,364,1,,,0,170,,365,1,,,0,230,,366,1,,,0,185,,367,1,,,0,215,,368,1,,,0
22014019,'20261019',900,,369,1,,,0,400,,370,1,,,0,415,,371,1,,,0
22014019,'20261020',900,,372,1,,,0,400,,373,1,,,0,415,,374,1,,,0
22014019,'20261021',900,,375,1,,,0,400,,376,1,,,0,415,,377,1,,,0
22014019,'20261022',900,,378,1,,,0,400,,379,1,,,0,430,,380,1,,,0,570,,381,1,,,0
22014019,'20261023',900,,382,1,,,0,400,,383,1,,,0,430,,384,1,,,0,600,,385,1,,,0
22014019,'20261024',900,,386,1,,,0,400,,387,1,,,0,430,,388,1,,,0,629,,389,1,,,0
22014019,'20261025',900,,390,1,,,0,400,,391,1,,,0,430,,392,1,,,0,570,,393,1,,,0
22014019,'20261026',900,,394,1,,,0,400,,395,1,,,0,415,,396,1,,,0
22014019,'20261027',900,,397,1,,,0,400,,398,1,,,0,415,,399,1,,,0
22014019,'20261028',900,,400,1,,,0,400,,401,1,,,0,415,,402,1,,,0
22014019,'20261029',900,,403,1,,,0,400,,404,1,,,0,415,,405,1,,,0
22014019,'20261030',900,,406,1,,,0,400,,407,1,,,0,415,,408,1,,,0
22014019,'20261031',900,,409,1,,,0,300,,410,1,,,0,100,,411,1,,,0,300,,412,1,,,0,115,,413,1,,,0,285,,414,1,,,0
22014019,'20261101',900,,415,1,,,0,230,,416,1,,,0,170,,417,1,,,0,230,,418,1,,,0,185,,419,1,,,0,215,,420,1,,,0
22014019,'20261102',900,,421,1,,,0,400,,422,1,,,0,415,,423,1,,,0
22014019,'20261103',900,,424,1,,,0,400,,425,1,,,0,415,,426,1,,,0
22014019,'20261104',900,,427,1,,,0,400,,428,1,,,0,415,,429,1,,,0
22014019,'20261105',900,,430,1,,,0,400,,431,1,,,0,300,,432,1,,,0,115,,433,1,,,0,644,,434,1,,,0
22014019,'20261106',900,,435,1,,,0,400,,436,1,,,0,300,,437,1,,,0,115,,438,1,,,0,644,,439,1,,,0
22014019,'20261107',900,,440,1,,,0,230,,441,1,,,0,170,,442,1,,,0,230,,443,1,,,0,185,,444,1,,,0,215,,445,1,,,0
22014019,'20261108',900,,446,1,,,0,230,,447,1,,,0,170,,448,1,,,0,230,,449,1,,,0,185,,450,1,,,0,215,,451,1,,,0
22014019,'20261109',900,,452,1,,,0,400,,453,1,,,0,430,,454,1,,,0,570,,455,1,,,0
22014019,'20261110',900,,456,1,,,0,400,,457,1,,,0,415,,458,1,,,0
22014019,'20261111',900,,459,1,,,0,400,,460,1,,,0,415,,461,1,,,0
22014019,'20261112',900,,462,1,,,0,400,,463,1,,,0,415,,464,1,,,0
22014019,'20261113',900,,465,1,,,0,400,,466,1,,,0,300,,467,1,,,0,115,,468,1,,,0,485,,469,1,,,0
22014019,'20261114',900,,470,1,,,0,230,,471,1,,,0,170,,472,1,,,0,230,,473,1,,,0,185,,474,1,,,0,215,,475,1,,,0
22014019,'20261115',900,,476,1,,,0,230,,477,1,,,0,170,,478,1,,,0,230,,479,1,,,0,185,,480,1,,,0,215,,481,1,,,0
22014019,'20261116',900,,482,1,,,0,400,,483,1,,,0,415,,484,1,,,0
22014019,'20261117',900,,485,1,,,0,400,,486,1,,,0,415,,487,1,,,0
22014019,'20261118',900,,488,1,,,0,400,,489,1,,,0,415,,490,1,,,0
22014019,'20261119',900,,491,1,,,0,400,,492,1,,,0,415,,493,1,,,0
22014019,'20261120',900,,494,1,,,0,230,,495,1,,,0,170,,496,1,,,0,230,,497,1,,,0,185,,498,1,,,0,215,,499,1,,,0
22014019,'20261121',900,,500,1,,,0,230,,501,1,,,0,170,,502,1,,,0,230,,503,1,,,0,185,,504,1,,,0,215,,505,1,,,0
22014019,'20261122',900,,506,1,,,0,230,,507,1,,,0,170,,508,1,,,0,230,,509,1,,,0,185,,510,1,,,0,215,,511,1,,,0
22014019,'20261123',900,,512,1,,,0,400,,513,1,,,0,415,,514,1,,,0
22014019,'20261124',900,,515,1,,,0,400,,516,1,,,0,415,,517,1,,,0
22014019,'20261125',900,,518,1,,,0,400,,519,1,,,0,415,,520,1,,,0
22014019,'20261126',900,,521,1,,,0,400,,522,1,,,0,415,,523,1,,,0
22014019,'20261127',900,,524,1,,,0,230,,525,1,,,0,170,,526,1,,,0,230,,527,1,,,0,185,,528,1,,,0,215,,529,1,,,0
22014019,'20261128',900,,530,1,,,0,230,,531,1,,,0,170,,532,1,,,0,230,,533,1,,,0,185,,534,1,,,0,215,,535,1,,,0
22014019,'20261129',900,,536,1,,,0,230,,537,1,,,0,170,,538,1,,,0,230,,539,1,,,0,185,,540,1,,,0,215,,541,1,,,0
22014019,'20261130',900,,542,1,,,0,400,,543,1,,,0,415,,544,1,,,0
